Serafi Nebot Ginard
Antonio Alejandro Menocal Carrillo
David Ramos Bonet

1.1
A =
   5.2073e-14   4.1137e-12   3.2499e-10   2.5674e-08   2.0282e-06   1.6023e-04   1.2658e-02   1.0000e+00
   1.2800e-12   6.4000e-11   3.2000e-09   1.6000e-07   8.0000e-06   4.0000e-04   2.0000e-02   1.0000e+00
   1.0000e-07   1.0000e-06   1.0000e-05   1.0000e-04   1.0000e-03   1.0000e-02   1.0000e-01   1.0000e+00
   1.2800e+02   6.4000e+01   3.2000e+01   1.6000e+01   8.0000e+00   4.0000e+00   2.0000e+00   1.0000e+00
   8.2354e+05   1.1765e+05   1.6807e+04   2.4010e+03   3.4300e+02   4.9000e+01   7.0000e+00   1.0000e+00
   1.0000e+07   1.0000e+06   1.0000e+05   1.0000e+04   1.0000e+03   1.0000e+02   1.0000e+01   1.0000e+00
   3.4048e+09   1.4804e+08   6.4363e+06   2.7984e+05   1.2167e+04   5.2900e+02   2.3000e+01   1.0000e+00
   2.7513e+10   8.8750e+08   2.8629e+07   9.2352e+05   2.9791e+04   9.6100e+02   3.1000e+01   1.0000e+00

b =   -1   1  -1   5  -7  -1   1   2

1.2
A = LU
L1 =
   1.0000e+00            0            0            0            0            0            0            0
   2.4581e+01   1.0000e+00            0            0            0            0            0            0
   1.9204e+06   1.8588e+05   1.0000e+00            0            0            0            0            0
   2.4581e+15   2.7069e+14   1.8021e+09   1.0000e+00            0            0            0            0
   1.5815e+19   1.7495e+18   1.1731e+13   6.7546e+03   1.0000e+00            0            0            0
   1.9204e+20   2.1255e+19   1.4265e+14   8.2491e+04   1.3678e+01   1.0000e+00            0            0
   6.5386e+22   7.2423e+21   4.8659e+16   2.8299e+07   5.3555e+03   9.0791e+02   1.0000e+00            0
   5.2835e+23   5.8529e+22   3.9333e+17   2.2901e+08   4.4404e+04   8.3778e+03   1.1059e+01   1.0000e+00
U1 =
   5.2073e-14   4.1137e-12   3.2499e-10   2.5674e-08   2.0282e-06   1.6023e-04   1.2658e-02   1.0000e+00
            0  -3.7120e-11  -4.7885e-09  -4.7109e-07  -4.1856e-05  -3.5386e-03  -2.9115e-01  -2.3581e+01
            0            0   2.7600e-04   3.8364e-02   3.8864e+00   3.5008e+02   2.9812e+04   2.4629e+06
            0            0            0  -4.7251e+06  -6.5915e+08  -6.6863e+10  -6.0267e+12  -5.1339e+14
            0            0            0            0   1.1399e+10   1.5917e+12   1.6152e+14   1.4562e+16
            0            0            0            0            0  -6.6818e+09  -9.3374e+11  -9.4780e+13
            0            0            0            0            0            0   3.4289e+11   4.7931e+13
            0            0            0            0            0            0            0  -4.2473e+10

PA = LU
P2 =
   0   0   0   0   0   0   0   1
   0   0   0   0   0   0   1   0
   0   0   0   0   0   1   0   0
   0   0   0   0   1   0   0   0
   0   0   0   1   0   0   0   0
   0   0   1   0   0   0   0   0
   0   1   0   0   0   0   0   0
   1   0   0   0   0   0   0   0
L2 =
   1.0000        0        0        0        0        0        0        0
   0.1238   1.0000        0        0        0        0        0        0
   0.0004   0.0177   1.0000        0        0        0        0        0
   0.0000   0.0024   0.2364   1.0000        0        0        0        0
   0.0000   0.0000   0.0007   0.0282   1.0000        0        0        0
   0.0000   0.0000   0.0000   0.0000   0.0002   1.0000        0        0
   0.0000   0.0000   0.0000   0.0000   0.0000   0.0428   1.0000        0
   0.0000   0.0000   0.0000   0.0000   0.0000   0.0172   0.6952   1.0000
U2 =
   2.7513e+10   8.8750e+08   2.8629e+07   9.2352e+05   2.9791e+04   9.6100e+02   3.1000e+01   1.0000e+00
            0   3.8203e+07   2.8933e+06   1.6555e+05   8.4802e+03   4.1007e+02   1.9164e+01   8.7624e-01
            0            0   3.8289e+04   6.7288e+03   8.3880e+02   9.2379e+01   9.6489e+00   9.8410e-01
            0            0            0   3.8793e+02   1.2359e+02   2.6155e+01   4.6723e+00   7.6523e-01
            0            0            0            0   3.9046e+00   3.1963e+00   1.8614e+00   9.7773e-01
            0            0            0            0            0   9.2006e-03   9.9537e-02   9.9976e-01
            0            0            0            0            0            0   1.5739e-02   9.5724e-01
            0            0            0            0            0            0            0   3.1731e-01

PAQ = LU
P3 =
   0   0   0   0   0   0   0   1
   0   0   0   0   0   0   1   0
   0   0   0   0   0   1   0   0
   0   0   0   0   1   0   0   0
   0   0   0   1   0   0   0   0
   1   0   0   0   0   0   0   0
   0   0   1   0   0   0   0   0
   0   1   0   0   0   0   0   0
Q3 =
   1   0   0   0   0   0   0   0
   0   1   0   0   0   0   0   0
   0   0   1   0   0   0   0   0
   0   0   0   1   0   0   0   0
   0   0   0   0   1   0   0   0
   0   0   0   0   0   0   0   1
   0   0   0   0   0   0   1   0
   0   0   0   0   0   1   0   0
L3 =
   1.0000        0        0        0        0        0        0        0
   0.1238   1.0000        0        0        0        0        0        0
   0.0004   0.0177   1.0000        0        0        0        0        0
   0.0000   0.0024   0.2364   1.0000        0        0        0        0
   0.0000   0.0000   0.0007   0.0282   1.0000        0        0        0
   0.0000   0.0000   0.0000   0.0000   0.0000   1.0000        0        0
   0.0000   0.0000   0.0000   0.0000   0.0002   0.9998   1.0000        0
   0.0000   0.0000   0.0000   0.0000   0.0000   1.0000   0.0845   1.0000
U3 =
   2.7513e+10   8.8750e+08   2.8629e+07   9.2352e+05   2.9791e+04   1.0000e+00   3.1000e+01   9.6100e+02
            0   3.8203e+07   2.8933e+06   1.6555e+05   8.4802e+03   8.7624e-01   1.9164e+01   4.1007e+02
            0            0   3.8289e+04   6.7288e+03   8.3880e+02   9.8410e-01   9.6489e+00   9.2379e+01
            0            0            0   3.8793e+02   1.2359e+02   7.6523e-01   4.6723e+00   2.6155e+01
            0            0            0            0   3.9046e+00   9.7773e-01   1.8614e+00   3.1963e+00
            0            0            0            0            0   1.0000e+00   1.2657e-02   1.5858e-04
            0            0            0            0            0            0   8.6883e-02   9.0420e-03
            0            0            0            0            0            0            0  -5.2887e-04

1.3
A = LU - solution
x =    2.2173e-01  -1.0560e+01   1.5771e+02  -1.0761e+03   3.4271e+03  -3.8449e+03   3.9521e+02  -5.3935e+00

PA = LU - solution
x =    3.4714e-02  -2.5380e+00   6.4258e+01  -6.7716e+02   2.9109e+03  -3.7819e+03   3.9357e+02  -5.3818e+00

PAQ = LU - solution
x = 3.4714e-02  -2.5380e+00   6.4258e+01  -6.7716e+02   2.9109e+03  -3.7819e+03   3.9357e+02  -5.3818e+00

1.4
El mejor metodo para la solucion del sistema es la factorizacion PAQ = LU. Esto es evidente ya que
este es el que tiene menor error. Esto es debido a que utiliza pivotaje por filas y columnas. Es
decir, siempre encuentra el pivote más grande. Al utilizar el pivote mas grande, tiene menor error.
